29.21,77.60,0.37,345.83
29.24,63.75,0.00,1.08
29.24,63.78,0.00,14.03
29.25,65.44,0.00,20.02
29.24,59.72,0.00,6.01
29.24,60.41,0.00,32.02
29.19,60.57,0.06,7.16
29.15,60.68,0.12,11.76
29.20,62.86,0.06,12.15
29.24,92.53,0.00,811.23
29.30,63.07,0.24,81.98
29.24,70.80,0.00,25.81
35.94,72.67,0.22,31.94
36.52,76.17,0.51,5.61
36.24,76.03,0.05,5.28
36.31,75.40,0.10,13.61
36.51,75.72,0.51,7.91
36.42,74.44,0.12,10.63
36.71,71.60,0.07,15.93
34.80,69.63,12.76,124.54
36.06,73.38,6.29,110.91
36.01,84.38,0.48,132.87
35.47,74.79,1.08,137.70
36.26,75.23,0.69,12.00
36.46,66.96,0.90,122.65
35.57,67.41,0.51,110.22
35.75,74.55,0.57,46.37
35.26,66.71,0.32,35.33
35.61,60.37,0.61,48.97
35.55,60.52,0.58,14.00
35.32,63.77,0.39,8.57
35.61,66.91,0.61,9.19
36.07,67.97,0.61,14.36
35.57,69.63,0.62,8.80
35.45,71.25,0.54,16.76
35.03,70.48,0.00,8.96
34.24,89.96,5.95,265.98
35.03,58.08,0.00,75.61
35.37,53.88,0.54,93.54
35.49,40.65,0.54,0.59
35.35,60.43,0.47,318.33
30.46,83.53,26.95,165.62
24.43,75.03,54.03,200.30
28.89,67.35,34.01,20.31
34.24,64.85,0.00,3.77
34.24,65.70,0.00,27.62
34.29,65.92,0.05,6.99
34.24,65.09,0.00,9.99
34.24,67.08,0.00,8.17
34.24,67.23,0.00,10.52
34.24,67.50,0.00,8.12
34.24,69.27,0.00,10.65
34.24,65.46,0.00,18.81
34.24,64.69,0.00,3.68
34.24,66.52,0.00,5.89
34.24,65.68,0.00,3.84
34.24,64.97,0.00,7.29
34.24,63.88,0.00,3.19
49.99,71.07,32.05,1072.03
51.63,86.81,11.50,1289.54
54.37,96.66,12.64,1077.56
53.11,101.51,7.74,538.25
50.00,75.23,6.00,1583.45
49.90,117.45,30.94,75.78
53.51,120.00,13.22,0.00
54.32,118.89,4.38,17.46
54.47,104.65,15.22,549.57
52.08,35.65,3.36,14.92
52.84,38.12,3.48,103.72
53.14,38.89,1.38,9.38
52.96,37.56,0.69,20.96
53.10,42.39,0.68,45.10
54.43,39.20,3.72,46.39
53.30,47.89,2.30,582.08
53.91,36.87,2.25,13.17
52.79,40.67,1.05,23.27
53.79,44.71,1.35,7.85
53.49,34.69,0.53,11.31
52.79,39.78,0.37,6.91
52.38,42.17,0.23,10.30
52.57,34.84,1.03,12.81
52.55,37.83,0.57,26.00
53.53,36.96,0.73,6.91
54.15,38.71,1.51,20.11
53.07,39.72,0.91,46.54
52.65,31.15,0.37,2.84
52.70,35.33,0.19,6.87
53.98,36.44,0.63,42.52
52.84,35.09,0.37,14.37
52.57,40.51,0.47,15.52
52.93,57.36,20.81,1136.04
51.23,71.82,0.76,1391.56
51.56,36.30,0.64,16.06
53.46,39.94,3.53,14.05
53.03,39.61,1.79,32.85
52.82,47.43,1.71,25.96
52.20,47.68,0.76,15.62
51.46,36.26,0.13,13.33
53.06,43.73,9.89,460.96
51.39,38.63,0.49,20.94
52.19,34.33,3.72,2.10
51.49,40.93,3.28,9.16
53.09,53.28,4.60,12.80
55.12,61.10,4.16,11.71
52.56,60.40,2.65,7.99
53.58,47.84,1.65,94.96
52.61,42.64,3.36,9.74
50.92,36.34,0.11,5.33
51.40,37.03,0.99,3.21
52.94,43.32,1.11,6.77
53.20,45.49,0.41,1.66
53.11,46.90,0.97,9.84
51.61,44.42,0.95,5.76
52.65,47.01,1.69,10.66
53.46,46.99,3.92,38.38
52.99,34.26,1.87,19.62
53.16,40.33,10.88,7.52
52.53,40.73,0.85,49.86
52.18,42.58,0.20,3.07
52.27,43.63,0.13,1.35
51.37,44.34,1.02,3.99
52.05,45.79,1.08,5.35
54.15,45.68,5.89,450.41
53.26,38.25,8.26,13.87
51.96,40.24,4.30,1.56
52.78,55.66,4.56,65.74
53.26,64.30,3.00,4.62
51.91,46.85,1.65,50.03
53.32,57.77,7.23,327.51
50.73,55.10,2.42,30.72
49.14,78.30,9.33,888.73
49.48,82.90,19.30,1201.70
51.21,86.46,17.37,1065.58
52.90,94.71,5.92,1047.49
50.74,120.00,7.62,0.00
48.52,120.00,1.64,0.00
52.16,115.55,4.46,285.11
50.29,120.00,6.41,0.00
51.63,115.78,2.35,154.95
50.49,119.22,0.39,11.20
52.06,113.03,8.14,216.27
53.59,83.55,16.02,983.17
51.11,88.92,1.23,941.23
51.86,51.41,5.39,316.35
52.39,43.93,6.78,3.50
51.18,40.97,0.23,2.32
51.20,101.53,1.48,981.71
52.30,110.88,0.78,259.26
52.60,41.29,4.10,24.33
52.55,42.11,0.42,3.28
53.12,40.03,6.75,10.78
53.33,37.86,0.54,2.59
52.34,64.23,2.25,1206.80
52.87,41.97,0.33,113.08
52.61,48.25,0.94,473.32
48.71,89.94,3.94,1123.54
55.34,57.47,8.38,718.34
56.93,47.67,2.90,23.63
56.53,48.20,1.73,6.41
56.60,53.25,2.14,14.32
57.00,50.83,1.18,7.45
56.60,44.16,0.53,27.19
56.43,47.35,0.74,48.59
57.42,42.93,1.82,30.37
59.82,43.38,6.72,16.70
58.38,39.94,7.30,18.49
58.04,49.46,2.57,19.81
59.05,41.05,4.51,11.21
61.04,49.79,14.78,7.39
58.09,43.05,1.49,33.97
62.85,43.24,31.34,53.29
56.85,39.47,1.17,25.46
58.51,60.05,15.63,781.99
57.08,45.56,0.62,50.80
58.90,40.56,9.14,12.56
58.51,44.90,0.93,10.93
58.32,41.62,1.96,2.65
57.96,42.34,1.82,18.64
57.84,43.19,1.01,5.54
59.23,57.04,19.91,920.84
55.01,59.13,5.79,68.01
54.98,61.69,0.19,9.24
53.48,101.99,4.50,701.62
55.20,78.91,13.37,1166.62
57.53,62.56,0.87,13.44
58.78,55.58,0.32,389.09
58.75,58.95,0.36,4.82
59.07,60.62,0.23,11.39
58.94,89.51,0.53,809.97
58.42,65.39,2.97,6.73
57.58,61.61,0.05,10.96
57.32,62.53,0.09,13.17
57.46,63.30,0.10,8.55
58.54,64.61,1.64,6.12
58.59,65.40,1.05,9.50
57.87,65.37,0.04,8.60
58.00,64.41,0.05,6.93
58.39,62.05,0.02,5.63
58.66,60.17,0.24,11.90
62.71,52.71,39.20,57.47
58.86,62.20,0.16,2.67
58.27,65.15,0.14,4.49
58.17,66.58,0.07,7.03
58.29,67.20,0.10,10.32
58.75,67.73,0.08,3.84
58.67,66.50,0.14,11.93
58.57,66.52,0.10,4.15
58.70,69.25,0.06,13.29
58.99,68.89,0.10,7.93
58.98,66.64,0.04,11.08
59.26,70.45,0.23,2.70
59.66,71.02,0.15,4.49
59.57,70.50,0.12,5.29
59.62,69.90,0.05,17.75
59.76,62.81,0.31,11.96
59.84,63.29,0.11,14.30
59.98,67.60,0.08,5.01
60.04,69.87,0.17,9.06
60.19,67.63,0.09,22.42
59.93,67.22,0.08,9.59
60.22,71.29,0.09,17.64
60.82,70.33,0.06,10.80
61.14,69.12,0.12,11.05
61.05,68.91,0.14,15.03
61.09,64.03,0.08,5.16
61.18,62.08,0.09,7.88
61.63,65.44,0.22,42.87
62.07,65.35,0.20,18.35
61.26,69.30,1.20,580.56
57.00,58.87,14.06,121.63
54.45,60.32,4.99,19.99
53.09,65.32,7.26,127.44
62.06,108.94,197.05,522.95