50.87,65.04,0.09,58.37
51.03,59.12,0.12,21.90
50.81,53.00,0.09,1.92
49.95,65.02,0.41,84.59
50.19,72.11,0.38,1.69
50.01,70.99,13.05,26.09
57.18,84.21,20.36,4.32
55.35,83.76,23.06,24.09
57.59,68.08,46.05,146.90
53.02,82.87,21.53,28.81
59.98,83.09,15.85,12.11
59.72,84.74,18.53,0.38
52.88,84.54,28.79,0.93
50.35,82.64,0.52,37.24
52.73,84.34,14.77,1.20
52.53,83.92,7.73,2.34
61.13,84.95,20.56,13.92
64.80,86.02,56.94,7.19
49.89,85.24,0.52,0.98
50.15,84.23,2.80,24.33
50.49,83.51,6.21,19.57
49.85,71.85,0.24,35.51
52.38,79.12,27.64,87.29
54.88,84.78,9.34,12.87
56.96,83.64,3.59,26.74
56.87,83.97,3.48,21.97
59.93,85.43,29.91,1.07
54.63,85.51,26.51,0.81
52.32,85.21,11.85,1.72
52.52,84.96,23.12,2.13
56.39,85.66,36.48,0.95
56.31,85.60,37.28,0.91
56.03,85.43,33.10,1.12
52.52,85.44,18.95,0.70
52.40,85.43,8.76,1.02
51.87,85.49,22.51,0.79
55.07,85.60,54.49,0.85
54.97,85.63,29.44,0.70
54.97,85.40,21.53,0.64
63.19,83.30,52.72,14.49
56.46,84.48,6.68,0.92
54.49,84.43,36.84,0.95
52.34,83.34,21.47,2.50
49.77,82.47,0.76,2.70
51.08,84.14,21.76,1.40
51.18,84.07,12.19,1.49
53.37,83.89,28.59,2.31
55.42,84.17,40.90,1.50
57.18,84.23,60.53,2.27
58.94,74.52,17.36,146.12
56.45,80.69,21.34,72.27
54.31,84.53,20.48,0.90
55.40,84.32,45.06,1.21
59.06,83.98,27.06,8.17
57.85,84.15,15.45,7.01
57.07,84.97,15.35,0.55
54.11,85.24,10.56,21.05
55.74,81.44,3.56,4.50
54.32,79.66,3.56,1.40
51.10,79.19,1.19,8.91
51.10,78.84,4.46,44.97
50.55,80.84,0.24,2.59
51.12,76.69,2.54,31.60
53.50,79.72,12.80,5.65
55.59,79.53,24.36,1.19
52.69,78.37,12.04,9.61
53.42,78.68,9.18,21.26
52.89,73.62,7.26,29.79
52.66,79.80,14.63,5.27
53.37,80.43,10.35,2.65
53.63,82.34,6.71,6.83
56.22,79.06,8.91,8.29
59.80,81.05,16.07,3.16
53.96,79.65,24.44,10.17
56.06,70.16,1.78,75.86
58.21,80.42,17.76,73.05
55.09,81.66,11.36,19.14
57.11,79.78,57.09,81.60
56.00,84.54,74.72,1.04
57.29,83.84,41.07,7.57
66.43,81.88,31.26,8.97
60.56,81.97,25.38,4.38
70.00,86.96,14.28,6.38
57.80,84.22,13.16,4.89
57.47,84.70,37.79,0.70
53.39,84.28,81.59,1.42
53.93,85.37,46.31,0.80
57.55,85.61,105.31,0.33
57.90,85.50,61.75,0.74
51.11,85.03,49.41,1.33
51.34,84.72,30.74,1.27
53.10,84.79,31.62,0.61
53.68,84.60,49.40,1.37
56.94,84.06,111.33,4.55
52.42,84.59,34.34,4.25
62.46,74.28,16.18,117.70
65.03,78.93,1.97,77.12
68.35,83.55,17.75,17.10
62.76,80.25,7.38,20.83
50.80,83.31,12.65,3.35
56.50,84.28,79.34,1.62
52.14,82.83,12.35,3.37
58.79,81.47,25.35,1.63
58.61,81.82,36.82,1.12
55.78,81.66,27.93,45.29
52.13,86.97,10.01,2.73
50.44,85.68,6.30,1.50
51.62,84.45,5.70,1.71
51.23,87.57,10.19,2.88
51.74,87.08,7.79,2.68
50.62,85.22,4.31,2.63
51.52,85.32,12.52,1.38
51.53,85.30,11.91,0.52
53.04,84.86,28.43,1.72
51.95,83.87,20.05,4.40
54.01,85.63,24.36,3.47
53.84,82.65,28.24,9.62
54.53,79.39,33.63,1.44
52.11,79.65,18.10,1.46
54.13,80.85,26.99,1.98
53.45,82.09,18.30,2.69
57.03,80.55,32.57,6.53
56.93,77.11,16.76,1.02
52.65,78.49,12.06,6.85
53.43,76.67,1.47,0.95
54.18,76.92,22.63,0.86
54.15,76.97,17.75,0.64
56.43,78.15,23.99,8.87
60.37,84.49,13.11,2.15
56.42,79.67,44.71,12.55
58.02,77.32,25.41,2.07
58.15,78.69,26.59,3.73
51.68,77.68,13.10,2.34
51.77,78.92,21.10,6.22
59.36,81.90,31.11,5.30
55.98,79.09,25.23,3.25
58.59,79.69,8.23,15.19
59.94,83.14,20.24,18.42
61.60,84.62,24.97,2.42
57.75,85.14,3.62,1.46
57.78,84.34,9.23,7.95
56.39,84.95,50.40,2.63
58.21,80.98,8.90,23.84
59.42,82.17,17.28,26.49
58.66,82.37,6.59,26.19
57.34,84.56,3.57,1.14
56.36,84.49,0.95,1.22
55.29,85.21,32.33,1.32
55.01,85.24,30.18,2.04
55.20,85.31,15.31,1.43
52.58,85.51,12.14,0.60
54.50,85.54,40.50,1.11
55.25,84.83,19.97,7.08
57.10,84.73,7.23,16.00
57.45,85.09,2.44,1.81
59.80,85.35,10.76,1.46
56.47,85.50,9.78,0.91
57.69,84.72,16.91,14.31
56.43,85.54,1.25,3.97
57.34,84.17,2.52,22.32
57.74,86.43,4.08,35.05
56.77,87.93,1.27,16.48
59.58,92.23,4.69,22.98
56.59,93.49,0.95,13.69
56.97,89.96,1.72,21.83
56.82,92.72,2.46,10.18
56.16,91.90,8.74,1.63
52.30,88.62,10.62,22.12
50.35,82.13,2.35,243.64
49.49,92.39,1.60,3.96
54.33,91.08,46.18,4.60
56.66,86.76,8.51,30.23
55.29,87.24,10.53,48.38
56.74,89.94,9.71,9.07
54.78,88.85,6.01,55.23
56.69,88.03,4.38,72.03
60.04,91.31,54.27,19.44
56.36,87.62,14.52,76.64
57.34,89.68,4.36,60.02
55.99,88.54,7.09,55.03
55.58,82.23,28.32,128.82
58.70,89.92,11.86,46.58
57.13,89.70,22.55,12.58
59.95,76.16,16.18,110.12
59.69,84.62,11.02,13.17
62.07,75.50,32.54,131.07
65.94,83.30,62.31,39.75
59.57,84.89,16.46,11.29
63.76,85.89,60.94,21.29
56.21,86.26,41.86,65.42
57.44,86.47,2.24,4.97
55.52,86.39,3.92,5.57
54.24,82.27,3.39,8.30
57.10,82.25,5.89,11.25
57.40,83.93,3.73,4.05
56.11,85.40,0.11,0.61
58.53,85.42,12.45,0.52
58.55,86.10,13.71,10.84
57.47,87.17,3.53,2.50
56.16,86.25,0.60,3.35
56.46,84.79,0.25,0.50
56.31,84.66,0.32,1.13
58.68,85.02,33.11,1.26
55.75,84.59,0.84,0.41
54.86,84.42,2.89,1.36
56.47,84.68,4.04,2.53
56.01,84.25,0.19,9.47
56.02,85.61,0.91,2.78
57.41,84.86,7.34,3.86
55.14,76.62,6.32,118.13
55.89,86.69,0.77,71.12
57.70,88.12,13.44,2.04
58.49,86.76,116.69,3.31
56.93,86.94,7.95,4.90
56.11,78.55,1.06,141.92
56.01,83.46,0.09,68.23
59.63,86.52,120.76,4.18
55.83,86.63,40.54,2.30
57.71,86.64,59.74,3.17
55.62,86.45,64.33,2.25
56.35,86.47,63.94,2.28
55.86,86.94,50.24,3.57
60.61,86.45,123.05,34.32
55.40,76.20,12.36,43.11
53.46,80.50,17.31,3.66
54.86,78.17,13.87,1.70
57.85,73.19,28.71,133.09
61.99,85.38,9.48,29.19
63.66,81.52,7.42,79.08
58.34,78.96,14.09,200.10
60.16,82.16,21.53,44.66